3.929154758148892768e+01
5.998963028743090575e+01
9.618038451904823205e+01
1.608680425624077373e+02
2.778297447924816197e+02
4.884360266950095024e+02
8.569072315693485962e+02
1.459629153802996825e+03
2.332687559663324919e+03
3.386842808827468616e+03
4.404381564372085450e+03
5.190379267232851817e+03
5.697007197641039056e+03
5.985475516546681320e+03
6.137836679094750252e+03
6.215049244207140873e+03
6.253483888807533731e+03
6.272751243081103894e+03
6.282983340959408451e+03
6.289450832685443856e+03
6.295170093297258973e+03
6.302393158304485041e+03
6.313626684118690719e+03
6.332641636259214465e+03
6.365905113631763925e+03
6.425006594022212084e+03
6.531005540124860090e+03
6.722274127322224558e+03
7.068390283162819287e+03
7.693635417952199532e+03
8.812928353191720817e+03
1.077485176016871264e+04
1.407841647439276494e+04
1.927500167553437132e+04
2.664565017169257771e+04
3.575046534852348850e+04
4.536345549309059425e+04
5.413367363014576404e+04
6.134249937746177602e+04
6.701450680578227912e+04
7.156689241697252146e+04
7.550000407898248523e+04
7.929317698209670198e+04
8.344612921265010664e+04
8.860296134159123176e+04
9.574888407186465338e+04
1.065050752088457666e+05
1.235444531558051094e+05
1.510655832522047858e+05
1.949930927779222839e+05
2.620732856899051985e+05
3.568055557576987194e+05
4.767464657929048990e+05
6.104346710479385220e+05
7.422663304575526854e+05
8.608677644928285154e+05
9.630630805328568676e+05
1.052017263364881743e+06
1.133897726330865873e+06
1.216148633462179685e+06
1.307762223450958263e+06
1.421109779281657888e+06
1.575191337751476094e+06
1.800464859514681157e+06
2.145043021290674806e+06
2.680101136180754751e+06
3.497752231093429960e+06
4.688963870561412536e+06
6.293264068309520371e+06
8.242857423728221096e+06
1.036153673397105187e+07
1.244686572895429283e+07
1.436874109626859985e+07
1.610361206483592652e+07
1.770834419105764106e+07
1.928526908400751278e+07
2.096974506594922766e+07
2.294478102333131433e+07
2.548047143288161233e+07
2.899786496616427973e+07
3.415543407344447821e+07
4.193786705324694514e+07
5.367664344717355072e+07
7.085372394600565732e+07
9.452976917787463963e+07
1.245046573034882694e+08
1.588701789762436450e+08
1.946725070288311541e+08
2.293474990084202290e+08
2.617554973794166446e+08
2.922250585828146935e+08
3.221064455495069623e+08
3.535094311412343383e+08
3.893351084722483158e+08
4.338224860540740490e+08
4.934712007107086182e+08
5.783168978743965626e+08
7.033155577118383646e+08
8.890943979437527657e+08
1.159776745128290176e+09
1.535924526620961905e+09
