4.867158162738243732e+01
7.296386634636927226e+01
1.129027753999052095e+02
1.763680385948256628e+02
2.684702976402545005e+02
3.808788911003459816e+02
4.855169629166159666e+02
5.523833108852921896e+02
5.746752686597478714e+02
5.657437673341938762e+02
5.414593469022921681e+02
5.120308341811692117e+02
4.824279641508205145e+02
4.546352658374169096e+02
4.292427486354550297e+02
4.062649027241674844e+02
3.855105114357962179e+02
3.667373830969437449e+02
3.497129284002436407e+02
3.342363259519054282e+02
3.201471326729000566e+02
3.073320377958112317e+02
2.957368511052169424e+02
2.853907016771240706e+02
2.764523885103625958e+02
2.692943805429345048e+02
2.646461519535952789e+02
2.638152340639963995e+02
2.689545954322720149e+02
2.831533167624273233e+02
3.096984536114045454e+02
3.496479018274619648e+02
3.986008504072646019e+02
4.469404719879561299e+02
4.855444493514906412e+02
5.109204435495772714e+02
5.247326156310407441e+02
5.305517574570860688e+02
5.316536730564622530e+02
5.304274925204383635e+02
5.285709801513334014e+02
5.274876423216549028e+02
5.287002422571921443e+02
5.342779113246243696e+02
5.472911278396636590e+02
5.721806351522741352e+02
6.145833326459350019e+02
6.796602106257109881e+02
7.681754256057873818e+02
8.722095770169364641e+02
9.759809079139378127e+02
1.063915360803797739e+03
1.128550147730579965e+03
1.171109111298967264e+03
1.197170472800085918e+03
1.212854100095894637e+03
1.223317396849418174e+03
1.232806089734491707e+03
1.245337114873195333e+03
1.265579173015039260e+03
1.299775502657170364e+03
1.356481008291717899e+03
1.446429248008484819e+03
1.580127619534567430e+03
1.761840425485528385e+03
1.981781919033877557e+03
2.214129341078562902e+03
2.427348193935929430e+03
2.599812759575484506e+03
2.726590355335259119e+03
2.814914263202862912e+03
2.876576553996884286e+03
2.923279357234740928e+03
2.965469124078234927e+03
3.013162784637062487e+03
3.077598196512891718e+03
3.173086858708371437e+03
3.318414351403892852e+03
3.536361805426391584e+03
3.848756751612687822e+03
4.264838588198732396e+03
4.766411177035412948e+03
5.303185060959047405e+03
5.810517628048868573e+03
6.239344446788533787e+03
6.572857685900453362e+03
6.821387393475805766e+03
7.008253727940169483e+03
7.159339564880183389e+03
7.299436726235329843e+03
7.453242958749299760e+03
7.648570281957066072e+03
7.920099823416822801e+03
8.311865107649033234e+03
8.875090871301101288e+03
9.656072635898313820e+03
1.067073864849450911e+04
1.187500885234874477e+04
1.315824783379589462e+04
1.438134591844183342e+04
1.543749379211049745e+04
