3.802553706703645986e+01
2.975690170360863931e+02
4.230386650349056481e+02
3.174223160970661297e+02
2.501447709803994712e+02
2.104167351762615112e+02
2.419767931716957037e+02
3.992091093626746670e+02
4.130159928352216525e+02
4.470783265076766497e+02
7.625575896205784829e+02
9.477036378307122959e+02
1.015604545583577533e+03
1.548337102482553519e+03
2.199452307010023105e+03
2.404699515011268886e+03
3.331887244217569787e+03
5.135404617048553519e+03
5.823394009606297004e+03
7.543377153822266337e+03
1.206021161969474815e+04
