3.802553706711545090e+01
5.700430086450695910e+01
8.820725081217550212e+01
1.377905773139274288e+02
2.097471855793693862e+02
2.975690170359308127e+02
3.793211263981644379e+02
4.315645649844964282e+02
4.489838545612273606e+02
4.420089168767828482e+02
4.230386650350690161e+02
4.000489997415754146e+02
3.769227515846087044e+02
3.552104795403683966e+02
3.353732121604416534e+02
3.174223160968815023e+02
3.012084288648339339e+02
2.865423526624305737e+02
2.732423853893199635e+02
2.611516397731153916e+02
2.501447709805781301e+02
2.401332527754788373e+02
2.310747417586703136e+02
2.229919794105803703e+02
2.160089977809978450e+02
2.104167351764331499e+02
2.067850041491257969e+02
2.061351794174016163e+02
2.101491155211094792e+02
2.212401403930755635e+02
2.419767931713916198e+02
2.731870822910100287e+02
3.114348460464717050e+02
3.492073462284779453e+02
3.793757484440836265e+02
3.992091093627066130e+02
4.100063055855170546e+02
4.145570221280972874e+02
4.154209558735756218e+02
4.144650639079995358e+02
4.130159928341176965e+02
4.121703071518256820e+02
4.131175589668173984e+02
4.174739721870707854e+02
4.276379228734326716e+02
4.470783265061111251e+02
4.801991566585101054e+02
5.310342006261649885e+02
6.001846511355672646e+02
6.814684923974830326e+02
7.625575896167107430e+02
8.312802501956442711e+02
8.817996232009153346e+02
9.150677615733765151e+02
9.354417918703151145e+02
9.477036378171155775e+02
9.558835191984494486e+02
9.632989847256334315e+02
9.730882266926222428e+02
9.888979852185490245e+02
1.015604545580460808e+03
1.059890026133140736e+03
1.130139689157707153e+03
1.234565635141238772e+03
1.376508604612272393e+03
1.548337102452862155e+03
1.729885941963090545e+03
1.896513934508641341e+03
2.031310772890710723e+03
2.130408759855758944e+03
2.199452307064540946e+03
2.247653334130638086e+03
2.284155695192209805e+03
2.317121888968089479e+03
2.354377353587570724e+03
2.404699515033696571e+03
2.479265388655212519e+03
2.592746866195749135e+03
2.762940270996286472e+03
3.006906315672984420e+03
3.331887244243405348e+03
3.723703890310617226e+03
4.143095262497332442e+03
4.539554130281901962e+03
4.874713807338725928e+03
5.135404616691652336e+03
5.329674150168078995e+03
5.475734549387701009e+03
5.593807668482711961e+03
5.703263272374234475e+03
5.823394010239714589e+03
5.975920432225639161e+03
6.187924957413865741e+03
6.493795828451317902e+03
6.933549002775713234e+03
7.543377152753991140e+03
8.335792497351278143e+03
9.276457979139029703e+03
1.027901562162313166e+04
1.123477743508514141e+04
1.206021161837794352e+04
