3.045679643683638194e+00
4.565869449732446128e+00
7.066114739759616903e+00
1.104313662415597008e+01
1.682877694529911849e+01
2.392724760700644993e+01
3.060351711543633613e+01
3.496072189670491071e+01
3.652278768802366216e+01
3.609419947073914159e+01
3.466712821716873094e+01
3.289104112694249693e+01
3.108689009928789204e+01
2.938539310243216462e+01
2.782726532791605578e+01
2.641554775342381589e+01
2.513949669545650067e+01
2.398469379728220119e+01
2.293706392455881726e+01
2.198438064177622309e+01
2.111686856456731931e+01
2.032766425970384816e+01
1.961359658505788062e+01
1.897673593685557591e+01
1.842735002704061031e+01
1.798926395281397106e+01
1.770904434027674768e+01
1.767031579671057884e+01
1.801165471896535308e+01
1.893499894338086165e+01
2.066445812922546210e+01
2.329699837781012306e+01
2.658448832237829862e+01
2.991309427308848612e+01
3.265344656392097278e+01
3.452673535578600195e+01
3.561200347315571690e+01
3.613797602820778820e+01
3.632571565572987282e+01
3.633972132659931020e+01
3.629690471237439908e+01
3.629200947846622682e+01
3.642502101991425434e+01
3.682968276044399403e+01
3.770460998783853057e+01
3.934165512726462310e+01
4.212563569340798608e+01
4.644493771787591641e+01
5.244780355347376855e+01
5.972195789040073777e+01
6.724579018925001606e+01
7.386743155073691014e+01
7.891689732599465401e+01
8.236352619665544239e+01
8.455369148411553226e+01
8.591772270870109196e+01
8.683124582178103879e+01
8.760052792935417187e+01
8.850326771470471954e+01
8.984774998929462697e+01
9.203764894448497103e+01
9.563104860965057696e+01
1.013577801395993561e+02
1.100102836905351751e+02
1.220956188799915481e+02
1.372759624634466036e+02
1.540201923907497701e+02
1.700629845226756913e+02
1.835195998993340254e+02
1.936515539174654350e+02
2.007548504130789979e+02
2.056165771846016241e+02
2.090921239243518244e+02
2.119482824069298204e+02
2.148845747178278600e+02
2.186346373375028520e+02
2.240944419780777253e+02
2.324403083115975051e+02
2.451664682124885530e+02
2.638941865634406554e+02
2.897572118331709135e+02
3.223775437317342494e+02
3.590840774131654030e+02
3.954610209879200511e+02
4.273068904834786963e+02
4.524117856394469186e+02
4.708039859209502538e+02
4.838657048628703592e+02
4.934004209728875594e+02
5.011626766238640016e+02
5.087984188191219346e+02
5.180053574948777850e+02
5.307754943822801579e+02
5.496185339638411733e+02
5.776145975709658842e+02
6.180166504882184881e+02
6.730621307942194562e+02
7.420463949690208665e+02
8.198252042950853138e+02
8.976959628899031713e+02
9.669757300950572017e+02
