1.524819928647887624e+00
2.286085962159664753e+00
3.539576043989808518e+00
5.539451702706643665e+00
8.469204993716971330e+00
1.211591881455840003e+01
1.563878614101595943e+01
1.805664351193881956e+01
1.905828450764571258e+01
1.900378202053923360e+01
1.839056053196947005e+01
1.756038370287167183e+01
1.668885757670562597e+01
1.585101650403667684e+01
1.507274267519733435e+01
1.435863512344291237e+01
1.370509026783005169e+01
1.310598896446653328e+01
1.255503289612669704e+01
1.204666189344682614e+01
1.157643626730647135e+01
1.114130456070658681e+01
1.074000361825556560e+01
1.037381738419579236e+01
1.004800283930756599e+01
9.774361871080445852e+00
9.575657981400691909e+00
9.492622211673563015e+00
9.593281126802150283e+00
9.979717156039145110e+00
1.077498336715542848e+01
1.205843550535737485e+01
1.374776035130387974e+01
1.554250149871126574e+01
1.706903760014911953e+01
1.810915889765087528e+01
1.866242353354538963e+01
1.884605702314604869e+01
1.879076002444896076e+01
1.859783780203415304e+01
1.833754877422418872e+01
1.806115688466864100e+01
1.781450194960441635e+01
1.765066102628527744e+01
1.764214874606868122e+01
1.789156076341045676e+01
1.853328254232237526e+01
1.970700109327033189e+01
2.147680555580373252e+01
2.370718155022366602e+01
2.601100346115384099e+01
2.790577925746569932e+01
2.908101695804054643e+01
2.950870274875294541e+01
2.934525858526222564e+01
2.879053357414021264e+01
2.801270323104857951e+01
2.713449398234448040e+01
2.624582884227700319e+01
2.542164797140502586e+01
2.473753939036813776e+01
2.428071669026072854e+01
2.415193485198633994e+01
2.444768568734193437e+01
2.520825832095232855e+01
2.633635031541576055e+01
2.755001416549597693e+01
2.846772720194413253e+01
2.880500229478470331e+01
2.850185998869225656e+01
2.768030282500649619e+01
2.652528698282700503e+01
2.520184089410746608e+01
2.382979127134420594e+01
2.248994963060145125e+01
2.123861329524325825e+01
2.012032694954477563e+01
1.917584782489480588e+01
1.844336444635299799e+01
1.794947632385522596e+01
1.768688401978518243e+01
1.758600813549493580e+01
1.750920350249494106e+01
1.729844593801304953e+01
1.685413393389065817e+01
1.617362912135651953e+01
1.532303097404975034e+01
1.438596078210587947e+01
1.343147765540192573e+01
1.250611688190758741e+01
1.163808789070200334e+01
1.084405804907518345e+01
1.013457263322668922e+01
9.517078887747784322e+00
8.996153327168386227e+00
8.570439877771864445e+00
8.226760670844315726e+00
7.935441370964840146e+00
7.654712362882310828e+00
7.347073010465638099e+00
6.995955854653897354e+00
