1.217085790418194335e+01
1.824537700090903769e+01
2.823259941903009462e+01
4.410351715873109413e+01
6.713827271055485824e+01
9.525873418211614307e+01
1.214489845878770069e+02
1.382040272938003227e+02
1.438130105246125652e+02
1.416077697602573267e+02
1.355561223517644578e+02
1.282126960274252383e+02
1.208221026709516508e+02
1.138818826654531904e+02
1.075403471974937872e+02
1.018015675432700533e+02
9.661799151329496738e+01
9.192921900157477921e+01
8.767719494424906657e+01
8.381177524187674521e+01
8.029289125163583662e+01
7.709224340953802823e+01
7.419629937720023349e+01
7.161234187857948541e+01
6.938005228036116989e+01
6.759250694126711778e+01
6.643201986764822209e+01
6.622547284674053003e+01
6.751143443611569239e+01
7.106367884469088381e+01
7.770847752774054129e+01
8.771925404188340281e+01
1.000049739155302575e+02
1.121599760389517115e+02
1.218887771637635353e+02
1.283022508957149626e+02
1.318095373966833392e+02
1.333043839680116491e+02
1.336095959412494096e+02
1.333260255650297950e+02
1.328805435990097976e+02
1.326254159690124936e+02
1.329420015214024318e+02
1.343478992465518900e+02
1.376113122322005324e+02
1.438447345399155211e+02
1.544646551685933673e+02
1.707784584577970293e+02
1.930053202881007053e+02
2.191900017788807133e+02
2.453803456017544988e+02
2.676384264856102959e+02
2.840479370785202491e+02
2.948884632689370164e+02
3.015536625356859304e+02
3.055844060636611061e+02
3.082820783950303394e+02
3.107171134241684740e+02
3.138992991760472933e+02
3.189989592970432568e+02
3.275796393568226108e+02
3.417863480596830072e+02
3.643202466803549555e+02
3.978495848294063535e+02
4.435118205677869128e+02
4.989369164567613666e+02
5.576854374233452063e+02
6.117864499675348497e+02
6.556912108402992772e+02
6.880596601847017837e+02
7.106652463777326147e+02
7.264710723486108463e+02
7.384344077151467900e+02
7.491957999230611449e+02
7.612795395351184879e+02
7.775073926085372022e+02
8.014673022869681063e+02
8.378751622505280920e+02
8.924774561628282754e+02
9.708461028296832183e+02
1.075485864033001917e+03
1.202060956044761497e+03
1.338068004153764377e+03
1.467146318960621329e+03
1.576654370666737350e+03
1.662068723087687658e+03
1.725831347996781687e+03
1.773781726446025687e+03
1.812464985340696558e+03
1.848157765033336318e+03
1.887092968097897483e+03
1.936261157068315242e+03
2.004364798324926142e+03
2.102474759541133608e+03
2.243555666854038009e+03
2.439522670768963508e+03
2.694911464176022946e+03
2.999283324499156606e+03
3.325157676585759873e+03
3.637223376402257145e+03
3.907775028028864199e+03
