6.087404780791833225e+00
9.125664652231058938e+00
1.412123594288562245e+01
2.206124268940681787e+01
3.359037391114627980e+01
4.767871456696118315e+01
6.082552385122046701e+01
6.927014346630083708e+01
7.213824199182360530e+01
7.108464222870689753e+01
6.809337410594180540e+01
6.444600757432104388e+01
6.076870171706810453e+01
5.731271723773711102e+01
5.415364025239689738e+01
5.129430158402782780e+01
4.871137414652108788e+01
4.637492446917757860e+01
4.425609561606923137e+01
4.232993489334528903e+01
4.057649990597620615e+01
3.898171961364987936e+01
3.753890471521650340e+01
3.625178506119878108e+01
3.514032351426494216e+01
3.425125655641080158e+01
3.367610483023561585e+01
3.357903975109422845e+01
3.423092322216265870e+01
3.602218019279554539e+01
3.937342753830839115e+01
4.443366383984250945e+01
5.066784870809490116e+01
5.686774058684582656e+01
6.186227824918538687e+01
6.518363078308971126e+01
6.702707492363771280e+01
6.784182036052226294e+01
6.804559361716646038e+01
6.794464835454715512e+01
6.775658819714229253e+01
6.766033651823032358e+01
6.784864674992304856e+01
6.858248453716197446e+01
7.024943932157671611e+01
7.341293637690064600e+01
7.879654603491516696e+01
8.708315694523390960e+01
9.842418864156053360e+01
1.118726137837044519e+02
1.254316647417991675e+02
1.370556382138061053e+02
1.457048358512167852e+02
1.514791110165831753e+02
1.550769603405454973e+02
1.572893387842441655e+02
1.587890982380950788e+02
1.601288886603359458e+02
1.618261892000018634e+02
1.644762720861124023e+02
1.688724451076139133e+02
1.761067646585997863e+02
1.875688366919900147e+02
2.046665504585751876e+02
2.280805826533413665e+02
2.567318856513940659e+02
2.874011996663201671e+02
3.159395321855947714e+02
3.393305980034472782e+02
3.567303516157072636e+02
3.689753389694658381e+02
3.775812833213255999e+02
3.840888856561968510e+02
3.898762530883768136e+02
3.962501645827742891e+02
4.046563776917170685e+02
4.169244791796622280e+02
4.354677679755684494e+02
4.632668766705137386e+02
5.033092132581234068e+02
5.571547493515664655e+02
6.229433932264331588e+02
6.944796369524329975e+02
7.632054481342744339e+02
8.221530555798962041e+02
8.685224356218426465e+02
9.033121108005919950e+02
9.294789724617608044e+02
9.504458659973885233e+02
9.695110617573768650e+02
9.899206486069564335e+02
1.015270586042599916e+03
1.050011162189410925e+03
1.099830853544486672e+03
1.171513790086506333e+03
1.271586189215291824e+03
1.403177366180981835e+03
1.561927178985647060e+03
1.734287256840385453e+03
1.901647959648890946e+03
2.048449620932752623e+03
