3.917060590985290247e+01
5.970195172339563783e+01
9.538938003361595008e+01
1.584344737040627820e+02
2.697930984359078934e+02
4.612642842523437139e+02
7.680482089816503048e+02
1.197419977168565765e+03
1.683342135157935445e+03
2.100184698180815758e+03
2.360992972946282862e+03
2.470165831073663867e+03
2.479028360025609345e+03
2.435338359917630896e+03
2.368699403704810265e+03
2.294390578145162635e+03
2.219528275665995352e+03
2.147169829981582097e+03
2.078500918338173506e+03
2.013907142945512533e+03
1.953493012867724246e+03
1.897358309771016138e+03
1.845797748071646993e+03
1.799528765445588306e+03
1.760044055529914431e+03
1.730214810431972182e+03
1.715326689330354839e+03
1.724774675088448021e+03
1.774519980768201776e+03
1.889651021514986951e+03
2.104060720115544427e+03
2.450261857379498906e+03
2.933057900877595785e+03
3.500883699268939836e+03
4.055725638275576785e+03
4.510887157223837676e+03
4.835759901042697493e+03
5.047832575233981515e+03
5.182052034111084140e+03
5.271045097115402314e+03
5.340184042339372354e+03
5.410106495677615385e+03
5.501706279192593684e+03
5.642265905505921182e+03
5.873107492068465945e+03
6.259054445322579340e+03
6.897508538517991838e+03
7.918077140738570961e+03
9.452746984412307938e+03
1.155685030672761604e+04
1.410856946754937417e+04
1.679615513461493174e+04
1.926535798702272950e+04
2.130353294436687065e+04
2.288927255085866273e+04
2.411995800437726939e+04
2.512897976747604844e+04
2.604721741022174683e+04
2.700303442205249303e+04
2.814368297436567809e+04
2.966948881370112213e+04
3.187821946386007767e+04
3.521285079803762346e+04
4.028494485840030393e+04
4.780426817096014565e+04
5.831521562789705058e+04
7.173892661098252574e+04
8.703508254666853463e+04
1.024785260710217553e+05
1.165063204320348741e+05
1.283825286199247057e+05
1.382086228723255626e+05
1.465605077679335955e+05
1.541806800787245738e+05
1.618737293335329741e+05
1.705672183598485135e+05
1.814788120673242956e+05
1.963545191322200990e+05
2.177306536869070551e+05
2.490773747490268142e+05
2.944860041889810818e+05
3.574029484976751846e+05
4.382988437296113698e+05
5.325816496969892178e+05
6.312570175778674893e+05
7.249265089458995499e+05
8.079292242597487057e+05
8.794685149860081729e+05
9.421831014138502069e+05
1.000384481240974623e+06
1.059220463091322221e+06
1.124850620654918021e+06
1.205353991369732656e+06
1.312110762947342359e+06
1.461297478837974835e+06
1.674587597673809389e+06
1.977095241827663267e+06
2.389874398801804520e+06
2.916598195167014375e+06
3.531662074573428370e+06
4.183181120141513646e+06
