3.868838311060493140e+01
5.856012261612752923e+01
9.230111370562947570e+01
1.492574923436933716e+02
2.414425617259793171e+02
3.763588116161806170e+02
5.407831422023109553e+02
6.930536481416473862e+02
7.912466843467574336e+02
8.273317033669183047e+02
8.201424719923894600e+02
7.911488662772885618e+02
7.541218062765447030e+02
7.159021411217925106e+02
6.793645231321855817e+02
6.454926302361320722e+02
6.144595254690652837e+02
5.861264375431817371e+02
5.602593736877134916e+02
5.366203161704671629e+02
5.150070640131013988e+02
4.952765084974042793e+02
4.773699932822948426e+02
4.613552299873402944e+02
4.475022872829582070e+02
4.364197304508234652e+02
4.292883986214920924e+02
4.282317031188808869e+02
4.368043457417705895e+02
4.603335041882411929e+02
5.052162751262623033e+02
5.756094518213989204e+02
6.675275268984090644e+02
7.660497015516327792e+02
8.524931586813263493e+02
9.157905291981163600e+02
9.557038233955562418e+02
9.779464860067868130e+02
9.890327357355100730e+02
9.941472223430286022e+02
9.970894734365635941e+02
1.000961560735017883e+03
1.009025236441431161e+03
1.025649302819286959e+03
1.057408429353372185e+03
1.114241872462288711e+03
1.209989758008859553e+03
1.360426236183721130e+03
1.576007156877416264e+03
1.849669412174580202e+03
2.149747319609598890e+03
2.431627213924490206e+03
2.661972640859051353e+03
2.831670808004580067e+03
2.949984794955099915e+03
3.032848147833653002e+03
3.095738717381532751e+03
3.152011757891879370e+03
3.214211909272378762e+03
3.296625581818373576e+03
3.418421304138558298e+03
3.606935926758260848e+03
3.899677353358963501e+03
4.341200616396290570e+03
4.968533171851978295e+03
5.782694274297364245e+03
6.722224888346112493e+03
7.672646994318683028e+03
8.520325859784590648e+03
9.204757004016504652e+03
9.726427132461825749e+03
1.012181365085706420e+04
1.043798645145955379e+04
1.072098083110299376e+04
1.101571541960800459e+04
1.137212061737563272e+04
1.185415884176020518e+04
1.254939439288351059e+04
1.357449732601577853e+04
1.506601060266554668e+04
1.713979520241950377e+04
1.981260569374002080e+04
2.292479578884881266e+04
2.615188199796381014e+04
2.914136762055224244e+04
3.167094492255476871e+04
3.370012070962780854e+04
3.531705656850454397e+04
3.666415050046580291e+04
3.789534868375158112e+04
3.916926388815560495e+04
4.066492831177589687e+04
4.260871066124161734e+04
4.530263041894102935e+04
4.913715058741060784e+04
5.455425740409746504e+04
6.191348784147804690e+04
7.125109193579950079e+04
8.205643379602665664e+04
9.331548262338238419e+04
1.039159469900358090e+05
