3.929149403019977171e+01
5.999068770591010491e+01
9.618375878889345643e+01
1.608760671365294002e+02
2.778463337432091294e+02
4.884653306467486118e+02
8.569437785206976059e+02
1.459623329047113657e+03
2.332477069122312059e+03
3.386119808226691930e+03
4.402831596638277006e+03
5.187895283483211642e+03
5.693703650767686668e+03
5.981545105851108929e+03
6.133448242275771918e+03
6.210327851814089627e+03
6.248530039771422707e+03
6.267671058373746746e+03
6.277925900066857139e+03
6.284662181915054134e+03
6.291083889228023509e+03
6.299794032273431185e+03
6.313952888860920211e+03
6.338551761646941486e+03
6.382343364732566442e+03
6.461203441449461025e+03
6.604208617564352608e+03
6.864584828882817419e+03
7.338833165229918450e+03
8.197872028080115342e+03
9.730283404529236577e+03
1.237977383504077989e+04
1.671228529846065430e+04
2.319220113877904805e+04
3.173181775630389893e+04
4.137575110387410678e+04
5.069177353845368634e+04
5.863695553768998798e+04
6.497069481532173813e+04
7.001283138127026905e+04
7.426852400603498972e+04
7.824560111857191077e+04
8.245663205507228849e+04
8.752817187658010516e+04
9.438932371809205506e+04
1.045583181891668064e+05
1.205552759894889750e+05
1.464017891964702576e+05
1.879255205776113435e+05
2.520886237316553888e+05
3.441906734986962401e+05
4.630758662214229116e+05
5.982518854444532190e+05
7.339438981767918449e+05
8.577304012690455420e+05
9.654551126882054377e+05
1.059867904602711089e+06
1.147210276386532234e+06
1.235297716361278901e+06
1.333739376572767738e+06
1.455888085422748467e+06
1.622365002070141491e+06
1.866297106685491977e+06
2.239920053083750885e+06
2.819911620065246709e+06
3.703645877723558340e+06
4.982943329329878092e+06
6.688918535974819213e+06
8.737503906069155782e+06
1.093994811906911992e+07
1.309563326121272705e+07
1.508791444024714082e+07
1.690869044587873295e+07
1.862808418211274594e+07
2.036248665530360118e+07
2.226847838261087239e+07
2.456553291422060505e+07
2.758587688883648068e+07
3.185131705967864022e+07
3.817006346303393692e+07
4.771708495039688051e+07
6.199367180439224839e+07
8.248710673925957084e+07
1.099254384122504443e+08
1.434559082724723220e+08
1.805771759972583652e+08
2.182620684568447471e+08
2.544134990022968352e+08
2.885299822218164802e+08
3.214951009096171260e+08
3.551590649151893854e+08
3.922117853968456388e+08
4.365284940767085552e+08
4.939586186911441088e+08
5.735384373087962866e+08
6.890213669022051096e+08
8.600334239282264709e+08
1.111362089368053913e+09
1.467435722169822216e+09
1.940929102646171093e+09
2.520568456685632706e+09
