3.727445346575560592e+01
5.530118512811100118e+01
8.392864574931608956e+01
1.266530432927953314e+02
1.823878792849380091e+02
2.401517744056869503e+02
2.828744747143763334e+02
3.016083665918221186e+02
3.005196389558403780e+02
2.885252120380903307e+02
2.723895984242649320e+02
2.556721003348452825e+02
2.398653320832735290e+02
2.254470444704198826e+02
2.124659439583580536e+02
2.008138025173473977e+02
1.903401585021965445e+02
1.808968472369562051e+02
1.723534197049373802e+02
1.646015399928368765e+02
1.575562773719653649e+02
1.511581394559936484e+02
1.453785293411247039e+02
1.402317662574866119e+02
1.357985092845836448e+02
1.322681849124895166e+02
1.300105506062006384e+02
1.296824275613323323e+02
1.323424020236696492e+02
1.394304626546299914e+02
1.522485320573919978e+02
1.706300166588209208e+02
1.917034643446087046e+02
2.108959582893639606e+02
2.248760379001730598e+02
2.330620192810775677e+02
2.366889318771650608e+02
2.373782800867386698e+02
2.364380412521275332e+02
2.347724307222711673e+02
2.330193581759050971e+02
2.317235695583419783e+02
2.315015785295379658e+02
2.332053990780038646e+02
2.380812582705953275e+02
2.478471635125844159e+02
2.644591372737458528e+02
2.892013422958447677e+02
3.211040721068732182e+02
3.559847209277086222e+02
3.879745618052924669e+02
4.127613084658210596e+02
4.292990041791387057e+02
4.389531598785029587e+02
4.438780473056133360e+02
4.460474143422909492e+02
4.470213151640714955e+02
4.480815388776696864e+02
4.504841632129659956e+02
4.557343004829573943e+02
4.658382164629024942e+02
4.834251205670965419e+02
5.114621777635624653e+02
5.521368014531949484e+02
6.048340168293158285e+02
6.645023908252368301e+02
7.227752259484343540e+02
7.720074864231919491e+02
8.086758990151248554e+02
8.334552469620871307e+02
8.492137496424704750e+02
8.592234784054069223e+02
8.663956926911907885e+02
8.732652621070900523e+02
8.823139835112324363e+02
8.963972362645901057e+02
9.191343808189679976e+02
9.550493226679010377e+02
1.009024496171472947e+03
1.084486693762566119e+03
1.180350477413394401e+03
1.288644736475505624e+03
1.396096919952532517e+03
1.490003724774902594e+03
1.563639902454514640e+03
1.617063227296438072e+03
1.654449792007776978e+03
1.681242197622585309e+03
1.702690292869783889e+03
1.723636420079354593e+03
1.748959102726322953e+03
1.784245324665249200e+03
1.836377860099273448e+03
1.913593464489157896e+03
2.024244808960658474e+03
2.173444287334833916e+03
2.358039211135694586e+03
2.563363036594388632e+03
2.766584877854732440e+03
2.946352097363783287e+03
3.091241350587118177e+03
