3.836534916101441439e+01
5.780400036868115166e+01
9.030156785283526233e+01
1.435698208398374334e+02
2.252534508823526380e+02
3.342753641287826554e+02
4.497609889817017006e+02
5.380495931704391523e+02
5.807485408574704024e+02
5.848864972108239044e+02
5.670382338446845552e+02
5.400738968485904934e+02
5.109612025099129369e+02
4.827750731513270352e+02
4.566287618888268298e+02
4.327731610874066064e+02
4.111201459487545549e+02
3.914709634946969459e+02
3.736103541824606395e+02
3.573437540322012751e+02
3.425127602716308388e+02
3.290053071128445481e+02
3.167698892499723229e+02
3.058420620447244005e+02
2.963941957244044261e+02
2.888253299841975945e+02
2.839150771665268849e+02
2.830641989805390608e+02
2.885989610699042487e+02
3.039315548705343417e+02
3.329280424945433197e+02
3.774931475311705640e+02
4.338492863944277360e+02
4.917779537619456391e+02
5.402190659445215033e+02
5.738279613066646334e+02
5.936049311325880353e+02
6.034220195050384064e+02
6.071694598028882410e+02
6.077945048555291123e+02
6.074181078003206267e+02
6.077804604161813131e+02
6.107403381021150608e+02
6.188065616213576732e+02
6.357288779073230671e+02
6.670518555566790155e+02
7.201520642640296046e+02
8.026171413463077897e+02
9.176797940074479811e+02
1.058016255178907159e+03
1.204431566493346963e+03
1.334685969192693392e+03
1.435398470936794865e+03
1.505517691013800686e+03
1.551504157622252251e+03
1.581661571489368725e+03
1.603389667512210735e+03
1.622881370469840704e+03
1.645955286785770795e+03
1.679300620673899630e+03
1.731878706455787324e+03
1.816217326595785835e+03
1.948760809806061843e+03
2.147326581273019656e+03
2.423152834231420456e+03
2.768349667795188907e+03
3.148514216332191609e+03
3.513579508559721035e+03
3.822613221665591482e+03
4.060115921856728619e+03
4.233060859707694362e+03
4.359003104747207544e+03
4.457128918342078578e+03
4.545152066221269706e+03
4.640114048777364587e+03
4.761013842051349457e+03
4.932119041085972640e+03
5.185970018346860343e+03
5.563964564304093074e+03
6.110189177809501416e+03
6.853293662732591656e+03
7.778286533985621645e+03
8.808307865438810040e+03
9.824631979752686675e+03
1.072079271651388808e+04
1.144561051335510638e+04
1.200493585168709797e+04
1.243746977488359698e+04
1.279211696550508896e+04
1.311785534368679509e+04
1.346396576457786978e+04
1.388587695158628412e+04
1.445317279089276417e+04
1.525645226157077741e+04
1.640697057728647997e+04
1.801815642132220455e+04
2.015792858354355121e+04
2.278007374315441484e+04
2.568451824957043937e+04
2.856933069400974637e+04
3.116103293794879210e+04
