3.801500744476735605e+01
5.699178451713353155e+01
8.819281047127438455e+01
1.377750303778673526e+02
2.097316562551010009e+02
2.975521198413730417e+02
3.792963236346867575e+02
4.315247787293340593e+02
4.489282690710954853e+02
4.419418302648412009e+02
4.229649580096235582e+02
3.999720704937065534e+02
3.768445202448014015e+02
3.551319165220542686e+02
3.352947725584011778e+02
3.173442000755658796e+02
3.011307211725359707e+02
2.864650958683840258e+02
2.731656222055669900e+02
2.610754460097522838e+02
2.500692946765343834e+02
2.400587757327737961e+02
2.310017869662004273e+02
2.229215034428291062e+02
2.159427339629536107e+02
2.103577906048395221e+02
2.067388398950634496e+02
2.061110160475071496e+02
2.101612742065679811e+02
2.213071758464227798e+02
2.421136517982560292e+02
2.733878202107911761e+02
3.116604122671996038e+02
3.494034704002732497e+02
3.795088346555097587e+02
3.992785945499283002e+02
4.100300583439409934e+02
4.145551731899608399e+02
4.154093459868735181e+02
4.144552530574176785e+02
4.130175490064090127e+02
4.121936087811089919e+02
4.131769436470081018e+02
4.175915368141201043e+02
4.278478738596996322e+02
4.474300127053185179e+02
4.807530020532494177e+02
5.318408949696495256e+02
6.012459700759320640e+02
6.827094168360204094e+02
7.638555092633043841e+02
8.325363304447705559e+02
8.829789376210007958e+02
9.161850449292868461e+02
9.365309767339622340e+02
9.488000417349231839e+02
9.570204147711457381e+02
9.645120069878397544e+02
9.744235266852535915e+02
9.904229230395047807e+02
1.017420073092063717e+03
1.062140726483636854e+03
1.133009569836407081e+03
1.238238587296960304e+03
1.381081296975846044e+03
1.553726589669900477e+03
1.735833735084640239e+03
1.902720593929348070e+03
2.037578589709326479e+03
2.136676380349863848e+03
2.205748249646930617e+03
2.254045481164302601e+03
2.290729269402325826e+03
2.323982327280803474e+03
2.361668536035638226e+03
2.412631939924766357e+03
2.488149825615850659e+03
2.603021369988073275e+03
2.775159755578855766e+03
3.021643487322086003e+03
3.349514801605251705e+03
3.744148285667091386e+03
4.165792378325291793e+03
4.563723630577234871e+03
4.899725311890915691e+03
5.160942030382173471e+03
5.355686039613104185e+03
5.502328308203869710e+03
5.621188800637009990e+03
5.731734504014939375e+03
5.853399413693240604e+03
6.008120505139295346e+03
6.223286352697115944e+03
6.533656704481552879e+03
6.979572838776125536e+03
7.597265204582308797e+03
8.398698152648092218e+03
9.348350179920556911e+03
1.035854791860207297e+04
1.131993203246798112e+04
1.214920867666469530e+04
