0.000000000000000000e+00
1.256637061435917468e+00
2.513274122871834937e+00
3.769911184307752627e+00
5.026548245743669874e+00
6.283185307179586232e+00
7.539822368615505255e+00
8.796459430051420725e+00
1.005309649148733975e+01
1.130973355292325699e+01
1.256637061435917246e+01
1.382300767579509326e+01
1.507964473723101051e+01
1.633628179866692776e+01
1.759291886010284145e+01
1.884955592153875870e+01
2.010619298297467950e+01
2.136283004441059674e+01
2.261946710584651399e+01
2.387610416728243123e+01
2.513274122871834493e+01
2.638937829015426217e+01
2.764601535159018653e+01
2.890265241302610377e+01
3.015928947446202102e+01
3.141592653589793116e+01
3.267256359733385551e+01
3.392920065876977276e+01
3.518583772020568290e+01
3.644247478164160725e+01
3.769911184307751739e+01
3.895574890451343464e+01
4.021238596594935899e+01
4.146902302738527624e+01
4.272566008882119348e+01
4.398229715025711073e+01
4.523893421169302798e+01
4.649557127312894522e+01
4.775220833456486247e+01
4.900884539600077971e+01
5.026548245743668986e+01
5.152211951887262131e+01
5.277875658030852435e+01
5.403539364174444160e+01
5.529203070318037305e+01
5.654866776461627609e+01
5.780530482605220755e+01
5.906194188748812479e+01
6.031857894892404204e+01
6.157521601035995218e+01
6.283185307179586232e+01
6.408849013323178667e+01
6.534512719466771102e+01
6.660176425610362116e+01
6.785840131753954552e+01
6.911503837897545566e+01
7.037167544041136580e+01
7.162831250184729015e+01
7.288494956328321450e+01
7.414158662471912464e+01
7.539822368615503478e+01
7.665486074759097335e+01
7.791149780902686928e+01
7.916813487046280784e+01
8.042477193189871798e+01
8.168140899333462812e+01
8.293804605477055247e+01
8.419468311620646261e+01
8.545132017764238697e+01
8.670795723907829711e+01
8.796459430051422146e+01
8.922123136195013160e+01
9.047786842338605595e+01
9.173450548482196609e+01
9.299114254625789044e+01
9.424777960769380059e+01
9.550441666912972494e+01
9.676105373056563508e+01
9.801769079200155943e+01
9.927432785343746957e+01
1.005309649148733797e+02
1.017876019763092899e+02
1.030442390377452426e+02
1.043008760991811528e+02
1.055575131606170487e+02
1.068141502220529873e+02
1.080707872834888832e+02
1.093274243449248218e+02
1.105840614063607461e+02
1.118406984677966420e+02
1.130973355292325522e+02
1.143539725906684765e+02
1.156106096521044151e+02
1.168672467135403110e+02
1.181238837749762496e+02
1.193805208364121455e+02
1.206371578978480841e+02
1.218937949592840084e+02
1.231504320207199044e+02
1.244070690821558145e+02
1.256637061435917246e+02
