3.330356800000000006e-01
5.264691900000000313e-01
7.198694300000000323e-01
9.133029400000000075e-01
1.106736450000000094e+00
1.300136689999999984e+00
1.493570199999999959e+00
1.687003720000000095e+00
1.880403959999999985e+00
2.073837469999999961e+00
2.267270980000000158e+00
2.460671220000000048e+00
2.654104729999999801e+00
2.847538239999999998e+00
3.040971750000000196e+00
3.234371990000000086e+00
3.427805499999999839e+00
3.621239010000000036e+00
3.814639249999999926e+00
4.008072760000000123e+00
4.201506280000000260e+00
4.394906520000000150e+00
4.588340030000000347e+00
4.781773539999999656e+00
4.975173780000000434e+00
5.168607289999999743e+00
5.362040799999999940e+00
5.555441039999999830e+00
5.748874550000000028e+00
5.942308060000000225e+00
6.135741570000000422e+00
6.329141810000000312e+00
6.522575319999999621e+00
6.716008839999999758e+00
6.909409079999999648e+00
7.102842589999999845e+00
7.296276100000000042e+00
7.489676339999999932e+00
7.683109850000000129e+00
7.876543360000000327e+00
8.069943600000000217e+00
8.263377110000000414e+00
8.456810620000000611e+00
8.650210859999999613e+00
8.843644369999999810e+00
9.037077880000000007e+00
9.230511399999999256e+00
9.423911640000000034e+00
9.617345150000000231e+00
9.810778660000000428e+00
1.000417889999999943e+01
