1.000000000000000711e+01
1.000000000000000178e+01
1.270540092343399685e+01
1.836177755340432327e+01
3.115306059136747052e+01
5.079482612350591353e+01
7.877935526316404946e+01
1.135506540895439116e+02
1.531168914304537338e+02
1.914384883760905041e+02
2.280309995711095041e+02
2.543657478917557455e+02
2.711343644349749411e+02
2.777202532156795769e+02
2.770795678992174089e+02
2.764167921627902729e+02
2.733435753413422731e+02
2.705428466223301029e+02
2.686540032310708170e+02
2.636166198107038667e+02
2.651557261508021384e+02
2.615070731384123519e+02
2.608258118639652139e+02
2.616668275024021000e+02
2.631447198750951202e+02
2.710057758284078773e+02
2.829669516254153905e+02
3.030155312408482473e+02
3.309656820680077658e+02
3.614430082050563442e+02
3.850688662376806519e+02
4.046593765075378997e+02
4.151353547042218111e+02
4.238873971858323557e+02
4.263609628595813774e+02
4.264549232178557645e+02
4.264680657590251371e+02
4.261767611653477843e+02
4.287742320513287950e+02
4.295315751330432477e+02
4.263561619572938639e+02
4.369180650568782198e+02
4.465814877078431095e+02
4.574614485752793485e+02
4.669514673008597470e+02
4.798055765865571516e+02
4.865613830493316527e+02
4.928505497136181361e+02
4.983749166138330793e+02
5.017771724193617047e+02
5.043933567815138304e+02
