3.801525832154185736e+01
5.699020319977202576e+01
8.818680037688608309e+01
1.377603420586010259e+02
2.097045418786285609e+02
2.975161178938668058e+02
3.792669151080306165e+02
4.315190574908856433e+02
4.489516810158888802e+02
4.419903426589382889e+02
4.230334779543779291e+02
4.000588141519453416e+02
3.769521653780291786e+02
3.552683882003255462e+02
3.354751673419279996e+02
3.175948256258783999e+02
3.014966395680504547e+02
2.870236948972183200e+02
2.740508218391465789e+02
2.625208090778040741e+02
2.524845849970707548e+02
2.441646434451401433e+02
2.380614644283926111e+02
2.351208272916781254e+02
2.369534898755532311e+02
2.459938688168102772e+02
2.652290835567912950e+02
2.968521410490963603e+02
3.397346870158622778e+02
3.878283406237968620e+02
4.326050652745159937e+02
4.680713690748598310e+02
4.930604891893100898e+02
5.096807778077696867e+02
5.209854397982279579e+02
5.297892373971677671e+02
5.385413161089602454e+02
5.497015613702983501e+02
5.663204985537337279e+02
5.927308710472549365e+02
6.352440870254537231e+02
7.024503829850769989e+02
8.041355198684376546e+02
9.474618224092757828e+02
1.130599833162026471e+03
1.338448434892904061e+03
1.547109353423999892e+03
1.735747337185363676e+03
1.895258427300556605e+03
2.027938950774397426e+03
2.142468325346249912e+03
2.249936593325682679e+03
2.362708942942148497e+03
2.495501063692451680e+03
2.667750096164515071e+03
2.906489654495087507e+03
3.248374889844905283e+03
3.737892091191138661e+03
4.417052460372111454e+03
5.303971443717569855e+03
6.368986386600142396e+03
7.531051399862194557e+03
8.688887545586641863e+03
9.766503188905522620e+03
1.073765926462839343e+04
1.162081975174390209e+04
1.246265040220389710e+04
1.332711404535200199e+04
1.429518294264063479e+04
1.547321358962507293e+04
1.700594733061615625e+04
1.908762361713024802e+04
2.195857787259266115e+04
2.586697595090626419e+04
3.097903639351294623e+04
3.725834935296788171e+04
4.439921759441200265e+04
5.190788079056676361e+04
5.930881642984496284e+04
6.632904484324037912e+04
7.295321071745852532e+04
7.937765377043327317e+04
8.595031410545139806e+04
9.315097060331136163e+04
1.016208923962384724e+05
1.122261155377855030e+05
1.261208802200944483e+05
1.447484699649186223e+05
1.696780084513257607e+05
2.021775838908495498e+05
2.425664208356945892e+05
2.896943328031561105e+05
3.410734243497626740e+05
3.938064969385809964e+05
4.457493914160132408e+05
4.961859106557939667e+05
5.458561351648614509e+05
5.966944147827590350e+05
6.516630722192286048e+05
7.148456332170576788e+05
7.917675182123852428e+05
