3.802578795901619202e+01
5.700272019700456383e+01
8.820124291534666838e+01
1.377758938312658756e+02
2.097200774408437951e+02
2.975330137024056398e+02
3.792916931296388157e+02
4.315587883289014712e+02
4.490071875414598708e+02
4.420573372098516529e+02
4.231070856402438380e+02
4.001356375001494143e+02
3.770302811088017734e+02
3.553468190942821820e+02
3.355534465686233148e+02
3.176727332973990201e+02
3.015740574437468240e+02
2.871005227411239389e+02
2.741269165594092101e+02
2.625959190823585914e+02
2.525582545979167719e+02
2.442360582280625181e+02
2.381292056496032785e+02
2.351825261804458762e+02
2.370054930251196481e+02
2.460313901705011688e+02
2.652479767572677929e+02
2.968534452780403399e+02
3.397298490362076677e+02
3.878376517151002645e+02
4.326464266359939188e+02
4.681506707030809480e+02
4.931728203880411456e+02
5.098170701930940254e+02
5.211370711677631107e+02
5.299492800853894323e+02
5.387039625973065995e+02
5.498609289493423375e+02
5.664692734952884621e+02
5.928590193611241830e+02
6.353382454673754864e+02
7.024956336846765907e+02
8.041225468021932556e+02
9.474010536783570160e+02
1.130535264652144406e+03
1.338452658910687205e+03
1.547252202751401683e+03
1.736063297521644472e+03
1.895741110004242046e+03
2.028557631497376178e+03
2.143185412678015837e+03
2.250715812375649875e+03
2.363515461338675777e+03
2.496297496394452537e+03
2.668491474320442649e+03
2.907120568075506071e+03
3.248834692828044354e+03
3.738138266507744447e+03
4.417110897172477962e+03
5.304000387222664358e+03
6.369297840037847891e+03
7.532028312762298810e+03
8.690828446078905472e+03
9.769517473058411269e+03
1.074167906903181574e+04
1.162567710647379317e+04
1.246814455527752034e+04
1.333304026718540445e+04
1.430133045010751630e+04
1.547935052596926107e+04
1.701181310467373623e+04
1.909295792992148199e+04
2.196323130699629110e+04
2.587114331285058506e+04
3.098357512591187697e+04
3.726496576041921799e+04
4.441020408713231882e+04
5.192537640282366192e+04
5.933407222686660680e+04
6.636220247316602035e+04
7.299358526863210136e+04
7.942415460241452092e+04
8.600173363606305793e+04
9.320609015489486046e+04
1.016784836062532704e+05
1.122849645941868657e+05
1.261799991078368330e+05
1.448077302429090778e+05
1.697394066170547740e+05
2.022469894060698571e+05
2.426548616844931385e+05
2.898170909429962630e+05
3.412462407105210586e+05
3.940408346479588654e+05
4.460497376295601716e+05
4.965505314569632174e+05
5.462794989446678665e+05
5.971695436895838939e+05
6.521830941450889222e+05
7.154042995924939169e+05
7.923599728724553715e+05
